"hi Vol. 2, Hasbro with Agent Green II

1985 Hasbro Power of the Atom: One in One Atomizer (Legends of the Atom Sourcebook)

1989 Hasbro of the Void: New Wave Vol. 2, Rainbow Six

1990 Vtech / Microchip Plasma Spectra Rifle

1991 Microchip Precision Super G-40 Submachine Gun

1991 Rushing General Silent Rifle

1995 ATN Combat Jet Gun

1995 ATN Gunnery (Vehicle Strike)

1995 ATN Super Rifle

1995 ATN Blaster

1996 MYON Eliminator

1996 Overdrive Tank

1996 Crossbow: Ignition Gun and Launcher

1996 MEUQ Rhino Remote Man

1997 MYON Vacuum Pistol

1997 MEUQ Elephant Mace

1997 MEUQ Triple A Recharger

1997 INTHNASSA / ADVENT Adulterated Resonator

1998 Ifrit Power

1999 Nautilus Efficient Recharger

1999 Tiaan Atmosphere Fractalite

1999 Tradeskills Demise

2000 ATN Combat G-40

2000 INVADER Support Missile

2000 INVADER Trans-atomic Adhesive Armor

2000 Invader Modified High-Energy Repeating Blaster

2000 INVADER Retrorockets

2000 INVADER Smartphon Evaporating Accurate Rocket Launcher

2000 INVADER Prepared Speedloader

2000 Serenity Recharged MkIII Plasma Rifle

2000 Sprintneck Breakneck

2000 Streamleggers Mechanized Winter Gauntlets

2000 Stormwall High-Speed Missile

2000 Steam"
